4.00000000000000e-06
5.03960000000000e-06
6.34960000000000e-06
8.00000000000000e-06
1.00794000000000e-05
1.26992000000000e-05
1.60000000000000e-05
2.01580000000000e-05
2.53980000000000e-05
3.20000000000000e-05
4.03180000000000e-05
5.07960000000000e-05
6.40000000000000e-05
8.06340000000000e-05
0.000101594000000000
0.000128000000000000
0.000161270000000000
0.000203180000000000
0.000256000000000000
0.000322540000000000
0.000406380000000000
0.000512000000000000
0.000645080000000000
0.000812740000000000
0.00102400000000000
0.00129016000000000
0.00162550000000000
0.00204800000000000
0.00258040000000000
0.00325100000000000
0.00409600000000000
0.00516060000000000
0.00650200000000000