3.50657143891848e-06
4.42025554624231e-06
5.56741175961449e-06
7.01538780193358e-06
8.83826616838800e-06
1.11370684433256e-05
1.40307756038672e-05
1.76787772608726e-05
2.22718919625546e-05
2.80615512077343e-05
3.53575545217453e-05
4.45392940769159e-05
5.61231024154687e-05
7.07151090434905e-05
8.91010373947980e-05
0.000112246204830937
0.000141430218086981
0.000178179625548630
0.000224492409661875
0.000282860436173962
0.000356269454133395
0.000448984819323749
0.000565720872347924
0.000712763400676452
0.000897969638647499
0.00113144174469585
0.00142552680135290
0.00179593927729500
0.00226288348939170
0.00285105360270581
0.00359187855458999
0.00452576697878339
0.00570210720541162
0.00718375710917999